21895
6164
5983
431
9380
64
21111
11053
27116
23354
13272
21277
20394
27045
24467
18466
3902
11022
27879
23541
17102
23767
6021
17498
23661
25262
16662
17146
18790
29150
27931
14521
7942
9456
28377
22265
26315
1645
17996
21039
310
8854
21269
7131
2288
31459
28446
32168
9212
18940
20205
18975
19696
20256
21416
30895
142
21252
9537
16885
16169
3965
25031
30734
28190
31518
13334
10938
31435
2202
24919
2257
25793
6839
23231
8247
2498
31658
15210
24969
29584
17262
7933
32617
8944
8956
27593
20454
20807
30250
22122
5062
24875
1110
4869
29112
16591
23302
11709
3537
18125
17508
733
7009
26788
17947
25950
12856
29793
13168
28396
1252
6042
17335
20069
31675
28800
25181
21789
19234
3925
25647
22898
1185
12848
19857
10149
24682
1969
26886
24424
11963
19948
11672
6844
12075
16528
923
5829
23765
15773
14736
23429
7639
1853
20869
31787
7539
13809
5962
312
24178
1513
25242
32379
25245
27378
32315
26929
6930
7798
1267
10886
2906
21512
16433
14071
27137
10491
7993
15146
27876
19352
30792
3460
21956
2218
15258
32100
24746
20838
2609
10873
28775
26574
245
10450
27474
12060
14367
17465
16981
6762
31666
15966
14505
3849
20522
18894
18188
6797
4649
29816
5815
23583
5203
4825
3488
21781
10422
23027
12119
215
2182
18860
5189
23162
14879
9099
21266
5982
19365
15077
28892
23295
30933
21114
20454
14826
21722
18107
14463
29132
13911
17949
16188
5560
5057
5192
21371
28188
6961
5692
1637
24108
5346
16765
4579
12805
10776
24110
21738
11422
30395
12205
20199
22340
924
15287
25417
16857
17139
21430
59
25083
8563
15754
19071
17001
2671
32396
18105
9686
20496
25846
31788
13673
13439
4784
17949
14168
16535
7648
4049
30379
29137
3040
31504
1706
30517
26616
4636
22537
12543
4513
11048
18299
5633
9322
15544
22359
30461
20345
10133
11148
6005
12051
23694
4549
13185
6526
8901
28908
30106
11249
322
9490
17381
2447
28714
5522
17018
17365
19252
8823
27760
28336
29911
15982
14797
13489
8040
4116
22007
28357
16474
28957
30283
25669
24374
17085
12114
26955
21289
23991
17715
8496
25198
1294
4191
1558
917
3186
13375
10022
5341
13096
1093
1310
16155
10436
14908
7711
22519
32463
31253
4784
6900
1749
27542
4132
11975
24480
10840
11628
26175
22830
28844
28029
23875
19264
3137
28617
11790
13239
12571
4854
23509
11985
23015
3378
27864
28973
9513
13938
2177
4403
4435
21593
25505
12931
1595
23449
6519
59
22351
9205
25113
1746
16614
15279
17019
5832
10202
29658
7299
19058
28688
9280
19892
26399
14043
27683
11501
24164
9036
15769
14966
29670
9451
21772
18394
7251
2523
10944
17669
12456
22097
11731
23656
3366
12508
21762
28139
7736
19126
22032
18771
12622
6638
15886
8482
27923
1701
31874
31655
6680
11948
15123
23790
6581
27006
28211
25063
27609
29652
9768
3308
32025
11989
27610
29729
16956
18392
16525
13890
25048
32312
3764
5038
19772
29766
2344
23031
26332
13290
23239
5550
3416
12056
10988
508
6974
20709
17074
9128
17064
29466
529
10852
9357
18723
19513
632
11795
18925
24293
9531
17943
17983
6607
7135
8183
10084
4018
9582
24662
5180
31498
14318
6413
4218
32659
19968
1000
27102
22754
29015
1317
7397
29593
28349
31782
25680
28448
1048
10253
1711
11235
7407
21764
13707
20374
18201
5449
3853
25093
29657
16690
7491
17233
11884
30736
18978
4438
5138
18831
32312
32400
17461
28938
28045
8214
10545
21158
11025
8121
15270
14404
2969
32097
22951
26713
24091
25322
25473
16612
14458
14519
29915
2009
25865
12325
26593
22932
17709
30381
12803
21241
23309
14984
10708
2078
26542
11236
26486
5493
9828
29810
27192
28499
9822
15253
13721
8162
27050
17939
6644
26424
11733
21294
4373
17793
2484
15451
3073
15720
14388
20381
3449
13411
28085
26796
23862
20752
21389
20872
170
12855
31603
19980
6783
17415
20094
1416
24954
10612
31371
18431
28649
32537
23737
19147
9508
2015
10611
25682
32362
11090
8163
10765
23872
22214
26361
13781
413
15794
24159
25736
19540
6177
17768
26557
27588
24520
14511
19725
30466
1068
23264
25229
17117
28725
24500
3679
22441
8938
17287
21847
10141
28474
21277
21848
4691
20837
28875
17337
23822
6313
1002
9160
19220
5635
31658
22472
14768
29948
24326
17755
20272
23654
27983
31294
20593
15702
26416
27915
30482
22681
24107
24243
31274
2311
15595
23834
17667
28688
21865
6751
28413
29941
28670
24153
66
14104
6008
11481
29834
2028
21678
25261
17380
32300
1575
19254
490
22751
1254
21757
27188
960
19622
1140
14974
9527
10653
16909
22807
7823
4804
18848
8083
17574
22110
23098
27751
3830
31228
6489
9694
14935
30848
28454
1002
31614
6862
31742
736
29108
23343
27684
27433
108
12330
27453
10319
27530
9179
23306
3450
21866
21441
22010
29991
2830
17178
32573
10189
11245
24271
29428
24291
27533
12063
12253
2879
23936
137
16128
2664
11679
16172
26467
17248
9888
24183
7975
5244
27425
12778
221
27419
7921
3038
20595
26261
8837
31230
30940
14436
7057
21552
22259
4837
26683
3392
32667
20812
76
24573
19150
27392
25819
20642
24539
5694
27742
4762
20103
11414
9203
27329
15532
31234
24050
2008
16370
24495
24236
18760
26809
25474
1965
1691
28375
22894
26681
21629
23332
6495
24284
19930
5167
2851
26395
5596
1600
20046
11266
14900
31286
4075
11126
19525
5233
12495
6019
23792
13555
24674
19789
8171
29344
14084
30532
26444
25426
24127
25035
1644
11780
6113
14197
13607
19898
22040
22162
12681
4838
18453
408
29092
13229
9335
20241
22733
14347
15207
29226
15879
16875
2888
8074
31426
19474
16112
23353
23850
5087
32718
12